0101010101010101
0101010101010101
0101010101010101
0101010101010101
0101010101010101
0101010101010101
0101010101010101
0101010101010101
0101010101010101
0101010101010101
0101010101010101
0101010101010101
0101010101010101
0101010101010101
0101010101010101
0101010101010101
0101010101010101
0101010101010101
0101010101010101
0101010101010101
0101010101010101
0101010101010101
0101010101010101
0101010101010101
0101010101010101
0101010101010101
0101010101010101
0101010101010101
0101010101010101
0101010101010101
0101010101010101
0101010101010101
0101010101010101
0101010101010101
0101010101010101
0101010101010101
0101010101010101
0101010101010101
0101010101010101
0101010101010101
0101010101010101
0101010101010101
0101010101010101
0101010101010101
0101010101010101
0101010101010101
0101010101010101
0101010101010101
0101010101010101
0101010101010101
0101010101010101
0101010101010101
0101010101010101
0101010101010101
0101010101010101
0101010101010101
0101010101010101
0101010101010101
0101010101010101
0101010101010101
0101010101010101
0101010101010101
0101010101010101
0101010101010101
0101010101010101
0101010101010101
0101010101010101
0101010101010101
0101010101010101
0101010101010101
0101010101010101
0101010101010101
0101010101010101
0101010101010101
0101010101010101
0101010101010101
0101010101010101
0101010101010101
0101010101010101
0101010101010101
0101010101010101
0101010101010101
0101010101010101
0101010101010101
0101010101010101
0101010101010101
0101010101010101
0101010101010101
0101010101010101
0101010101010101
0101010101010101
0101010101010101
0101010101010101
0101010101010101
0101010101010101
0101010101010101
0101010101010101
0101010101010101
0101010101010101
0101010101010101
0101010101010101
0101010101010101
0101010101010101
0101010101010101
0101010101010101
0101010101010101
0101010101010101
0101010101010101
0101010101010101
0101010101010101
0101010101010101
0101010101010101
0101010101010101
0101010101010101
0101010101010101
0101010101010101
0101010101010101
0101010101010101
0101010101010101
0101010101010101
0101010101010101
0101010101010101
0101010101010101
0101010101010101
0101010101010101
0101010101010101
0101010101010101
0101010101010101
8000000000000000
4000000000000000
2000000000000000
1000000000000000
0800000000000000
0400000000000000
0200000000000000
0080000000000000
0040000000000000
0020000000000000
0010000000000000
0008000000000000
0004000000000000
0002000000000000
0000800000000000
0000400000000000
0000200000000000
0000100000000000
0000080000000000
0000040000000000
0000020000000000
0000008000000000
0000004000000000
0000002000000000
0000001000000000
0000000800000000
0000000400000000
0000000200000000
0000000080000000
0000000040000000
0000000020000000
0000000010000000
0000000008000000
0000000004000000
0000000002000000
0000000000800000
0000000000400000
0000000000200000
0000000000100000
0000000000080000
0000000000040000
0000000000020000
0000000000008000
0000000000004000
0000000000002000
0000000000001000
0000000000000800
0000000000000400
0000000000000200
0000000000000080
0000000000000040
0000000000000020
0000000000000010
0000000000000008
0000000000000004
0000000000000002
1046913489980131
1007103489988020
10071034C8980120
1046103489988020
1086911519190101
1086911519580101
5107B01519580101
1007B01519190101
3107915498080101
3107919498080101
10079115B9080140
3107911598080140
1007D01589980101
9107911589980101
9107D01589190101
1007D01598980120
1007940498190101
0107910491190401
0107910491190101
0107940491190401
19079210981A0101
1007911998190801
10079119981A0801
1007921098190101
100791159819010B
1004801598190101
1004801598190102
1004801598190108
1002911598100104
1002911598190104
1002911598100201
1002911698100101
7CA110454A1A6E57
0131D9619DC1376E
07A1133E4A0B2686
3849674C2602319E
04B915BA43FEB5B6
0113B970FD34F2CE
0170F175468FB5E6
43297FAD38E373FE
07A7137045DA2A16
04689104C2FD3B2F
37D06BB516CB7546
1F08260D1AC2465E
584023641ABA6176
025816164629B007
49793EBC79B3258F
4FB05E1515AB73A7
49E95D6D4CA229BF
018310DC409B26D6
1C587F1C13924FEF
0101010101010101
0101010101010101
0101010101010101
0101010101010101
0101010101010101
0101010101010101
0101010101010101
0101010101010101
0101010101010101
0101010101010101
0101010101010101
0101010101010101
0101010101010101
0101010101010101
0101010101010101
0101010101010101
0101010101010101
0101010101010101
0101010101010101
0101010101010101
0101010101010101
0101010101010101
0101010101010101
0101010101010101
0101010101010101
0101010101010101
0101010101010101
0101010101010101
0101010101010101
0101010101010101
0101010101010101
0101010101010101
0101010101010101
0101010101010101
0101010101010101
0101010101010101
0101010101010101
0101010101010101
0101010101010101
0101010101010101
0101010101010101
0101010101010101
0101010101010101
0101010101010101
0101010101010101
0101010101010101
0101010101010101
0101010101010101
0101010101010101
0101010101010101
0101010101010101
0101010101010101
0101010101010101
0101010101010101
0101010101010101
0101010101010101
0101010101010101
0101010101010101
0101010101010101
0101010101010101
0101010101010101
0101010101010101
0101010101010101
0101010101010101
0101010101010101
0101010101010101
0101010101010101
0101010101010101
0101010101010101
0101010101010101
0101010101010101
0101010101010101
0101010101010101
0101010101010101
0101010101010101
0101010101010101
0101010101010101
0101010101010101
0101010101010101
0101010101010101
0101010101010101
0101010101010101
0101010101010101
0101010101010101
0101010101010101
0101010101010101
0101010101010101
0101010101010101
0101010101010101
0101010101010101
0101010101010101
0101010101010101
0101010101010101
0101010101010101
0101010101010101
0101010101010101
0101010101010101
0101010101010101
0101010101010101
0101010101010101
0101010101010101
0101010101010101
0101010101010101
0101010101010101
0101010101010101
0101010101010101
0101010101010101
0101010101010101
0101010101010101
0101010101010101
0101010101010101
0101010101010101
0101010101010101
0101010101010101
0101010101010101
0101010101010101
0101010101010101
0101010101010101
0101010101010101
0101010101010101
0101010101010101
0101010101010101
0101010101010101
0101010101010101
0101010101010101
0101010101010101
0101010101010101
0101010101010101
8000000000000000
4000000000000000
2000000000000000
1000000000000000
0800000000000000
0400000000000000
0200000000000000
0080000000000000
0040000000000000
0020000000000000
0010000000000000
0008000000000000
0004000000000000
0002000000000000
0000800000000000
0000400000000000
0000200000000000
0000100000000000
0000080000000000
0000040000000000
0000020000000000
0000008000000000
0000004000000000
0000002000000000
0000001000000000
0000000800000000
0000000400000000
0000000200000000
0000000080000000
0000000040000000
0000000020000000
0000000010000000
0000000008000000
0000000004000000
0000000002000000
0000000000800000
0000000000400000
0000000000200000
0000000000100000
0000000000080000
0000000000040000
0000000000020000
0000000000008000
0000000000004000
0000000000002000
0000000000001000
0000000000000800
0000000000000400
0000000000000200
0000000000000080
0000000000000040
0000000000000020
0000000000000010
0000000000000008
0000000000000004
0000000000000002
1046913489980131
1007103489988020
10071034C8980120
1046103489988020
1086911519190101
1086911519580101
5107B01519580101
1007B01519190101
3107915498080101
3107919498080101
10079115B9080140
3107911598080140
1007D01589980101
9107911589980101
9107D01589190101
1007D01598980120
1007940498190101
0107910491190401
0107910491190101
0107940491190401
19079210981A0101
1007911998190801
10079119981A0801
1007921098190101
100791159819010B
1004801598190101
1004801598190102
1004801598190108
1002911598100104
1002911598190104
1002911598100201
1002911698100101
7CA110454A1A6E57
0131D9619DC1376E
07A1133E4A0B2686
3849674C2602319E
04B915BA43FEB5B6
0113B970FD34F2CE
0170F175468FB5E6
43297FAD38E373FE
07A7137045DA2A16
04689104C2FD3B2F
37D06BB516CB7546
1F08260D1AC2465E
584023641ABA6176
025816164629B007
49793EBC79B3258F
4FB05E1515AB73A7
49E95D6D4CA229BF
018310DC409B26D6
1C587F1C13924FEF